J = [5 -1 -2  5  4 ;
     0 -1  5  5  1 ;
     0  0  0  5 -1 ] ;

M = [-2 -1  1  3 -2 ;
      0  0 -2 -1  4 ;
      0  0  0 -1  1 ] ;

S = [3 -1  3 -1  5 ; 
     0  3  0  2  4 ;
     0  0  0  2  1 ] ;

A = [1  2   2   0 ;
     3  6  10  -2 ] ;

D = [4 -1 -2 -9 ;
     8 -2 -3 -7 ] ;

J = [-2  1 -1  0 ;
      2 -1  1  0 ] ;

B = [ 0  0  3 -1  3  4 ;
      1  1  0  2  1  0 ;
     -1 -1  0 -2  4  5 ;
     -1 -1  0 -2  4  5 ] ;

H = [ 3 -2  2 -2  5  1 ;
      0  0  0  0 -1  0 ;
      9 -6  6 -6 11  3 ;
     12 -5 10 -3 24  7 ] ;

R = [ 1  1  2  5  -1  4 ;
      5  5 10 30  -5 19 ; 
     14 14 28 85 -14 53 ; 
      0  0  1 -2   2  5 ] ;
