J = [ 3     2 ;
      0    -1 ;
     -1     0 ;
      0    -1 ;
      3     1 ];
      

M = [ -1     0 ;
       0     1 ;
      -1     6 ;
       1    -6 ;
       0     1 ];

S = [ 9    -2 ;
     -4     1 ;
      1     0 ;
     -4     1 ;
      0    -1 ];

B = [ 0     0     3    -1    -1 ;
      1    -2     7    -2    -4 ;
      0     0     3    -2    -1 ;
      0     5    -1    -1     1 ;
      0     0     0    -3     2 ];

H = [ -5     0     5    15    14 ;
       0     0     1     3     0 ;
       0     5    -1    -2     1 ;
       2     0    -2    -5    -5 ;
       0     0     2     6    -1 ];

R = [ 0     0     0    -6    -7 ;
     -1     0     2     4    19 ;
      0     1     0    13    16 ;
      0     2     0     5     8 ;
     -3     0     7    12    62 ];
 

A = [ -6     2     0    -5 ; 
       0     0     0     1 ;
      -4     1     0    -3 ];      

E = [ -4   -10     3     3 ;
       0     1    -2     0 ;
       5    14    -3     0 ];
       

K = [ -6    -1   -14     0 ; 
       2     1     6     0 ;
       0     1     0    -1 ];
