x1 = [-2 ; 0 ; 0 ; 0 ] ;
x2 = [14 ; 5 ; 0 ; 0 ] ;
x3 = [-1 ; -1 ; 1 ; 1 ] ;
x = [-1 ; 0 ; -1 ; -1 ] ;

y1 = [3 ; -3 ; 0 ; 0 ] ;
y2 = [3 ; 2 ; 0 ; 0 ] ;
y3 = [5 ; 3 ; 1 ; 0 ] ;
y = [2 ; -3 ; -1 ; -1 ] ;

A = [7 -3 6 5 9 ;7 2 5 -3 -4 ;-3 7 6 4 0 ;0 5 8 -3 4 ] ;
v = [ 7 ; -1 ; 1 ; -2 ; 8 ] ;

D = [2 6 -2 -2 -5 ;7 -3 -3 10 10 ;3 5 -3 -5 -1 ;-2 5 -3 10 3 ] ;
x = [6 ;-1 ;3 ;-1 ;7 ] ;

J = [7 -3 -1 2 2 ;9 7 -2 10 2 ;2 9 3 4 7 ;8 8 1 10 6 ] ;
y = [7 ;0 ;6 ;5 ;-2 ] ;

B = [7 18 39 -16 -1 ;0 -1 -1 2 0 ;-9 -22 -49 18 1 ] ;
z = zeros(3,1) ;
[B,z]

H = [1 -5 -2 -1 -4 ;-5 25 7 8 20 ;-2 10 -2 11 11 ] ;
z = zeros(3,1) ;
[H,z]

R = [6 6 -12 37 -8 ;-4 6 -2 -7 3 ;2 -2 0 5 -2 ] ;
z = zeros(3,1) ;
[R,z]
