v1 = [-1 ; 0 ; 0 ; 0 ] ;
v2 = [-2 ; 15 ; -6 ; 3 ] ;
v3 = [4 ; 9 ; -3 ; 5 ] ;
v4 = [0 ; 10 ; -4 ; 2 ] ;

v5 = [5 ; 0 ; 0 ; 0 ] ;
v6 = [-1 ; 2 ; -2 ; 0 ] ;
v7 = [2 ; -2 ; 7 ; 15 ] ;
v8 = [1 ; -3 ; 5 ; 8 ] ;


x1 = [0 ; 9 ; -1 ; 1 ] ;
x2 = [4 ; -11 ; 1 ; -1 ] ;
x3 = [7 ; -17 ; 2 ; -2 ] ;
x4 = [3 ; 12 ; -1 ; 1 ] ;

x5 = [-1 ; -2 ; -1 ; -2 ] ;
x6 = [-1 ; 5 ; -2 ; 2 ] ;
x7 = [-1 ; -12 ; 0 ; -9 ] ;
x8 = [-1 ; -15 ; 0 ; -11 ] ;

y1 = [-1 ; 3 ; 1 ; 0 ] ;
y2 = [49 ; -122 ; -49 ; 5 ] ;
y3 = [34 ; -82 ; -34 ; 4 ] ;
y4 = [-44 ; 247 ; 84 ; -1 ] ;

y5 = [12 ; 0 ; 0 ; 12 ] ;
y6 = [0 ; 4 ; 0 ; 0 ] ;
y7 = [19 ; -3 ; 1 ; 19 ] ;
y8 = [76 ; -6 ; 5 ; 77 ] ;

A = [1 2 1 1 ; -2 1 1 -3 ; 1 -3 -1 3 ] ;

D = [2 6 -4 11 ; 0 -8 5 -14 ; 0 12 -7 19 ] ;

J = [1 8 5 4 ; 2 91 40 38 ; -2 -16 -9 -10 ] ;

B = [2 2 5 1 ; -2 -2 -5 -2 ; 0 0 0 -1 ; 2 2 5 1 ] ;

H = [0 -2 -1 5 ; 0 -2 -1 5 ; 5 1 -2 0 ; 0 1 1 -1 ] ;

R = [-3 2 2 0 ; -1 -1 1 4 ; -3 -3 3 17 ; 0 0 0 -1 ] ;
