B= [ 15     9    -4   -17 ; -5    -3     4    11 ; 0     0     0     1 ];
B([1 2],:) = B([2 1],:);
B(2,:) = B(2,:) + 3 * B(1,:)
