v = [3 ; -1 ; 2 ; 9]
u = [4 ; 5 ; -2 ; -5]

v + u

v - u

3 * v

v1 = [5 ; 3 ; -2]
v2 = [ 0; 2 ; 5 ]
v3 = [3 ; 4 ; 3]

4 * v1 - v2 + 2 * v3
